543 387 137
71 487 176
811 6 107
670 158 191
172 568 148
794 418 536
1001 257 395
818 540 417
645 197 64
791 490 421
990 534 514
162 70 430
8 315 260
1062 323 447
768 277 426
572 503 244
904 423 362
934 321 269
376 298 414
125 143 537
572 40 64
348 604 157
631 495 613
114 502 253
366 70 618
540 399 97
348 18 467
352 419 376
542 465 359
609 290 439
434 613 143
918 511 586
392 112 425
473 224 353
999 475 334
585 387 487
483 425 64
993 420 538
497 495 11
138 534 110
1003 479 537
298 466 22
154 307 186
194 321 355
615 264 284
438 483 9
269 403 94
299 501 217
855 579 439
1120 250 281
604 19 145
736 112 199
195 272 472
766 422 505
250 197 392
116 373 119
966 527 388
506 345 477
384 466 18
325 43 598
517 209 443
923 244 289
397 423 95
870 116 231
594 338 265
582 235 179
519 332 439
437 235 377
495 40 590
829 501 407
496 410 102
239 388 219
204 338 279
1113 247 229
790 315 254
489 215 82
901 218 78
615 109 374
956 54 148
647 535 91
193 49 524
556 119 244
381 159 248
482 131 415
373 58 432
383 227 353
635 170 563
212 451 45
321 168 432
353 177 453
135 420 86
127 257 229
449 350 490
486 545 416
591 484 392
454 13 568
921 375 510
874 132 22
376 193 303
372 147 434
1037 177 316
376 324 210
254 601 100
517 572 521
258 506 231
464 450 31
360 345 426
745 227 271
918 111 38
397 199 529
683 47 187
758 430 562
298 156 602
509 325 235
714 441 581
481 535 533
577 457 40
956 568 476
563 579 444
713 77 198
865 546 411
904 199 262
486 77 208
15 247 395
1037 235 377
362 422 119
1014 120 253
1036 194 112
513 518 219
981 232 359
615 104 219
923 378 335
822 98 9
582 387 445
426 488 195
426 134 429
713 545 426
494 252 111
360 277 198
803 579 598
306 98 615
929 331 307
607 52 194
421 423 283
118 419 344
605 321 351
290 18 476
841 26 58
903 566 565
72 465 276
966 95 236
205 244 335
655 4 113
595 423 564
600 311 312
611 573 164
401 493 432
191 313 230
743 436 474
570 210 372
1057 487 448
906 239 254
933 350 472
674 133 536
440 439 529
401 129 192
66 323 177
666 436 325
118 203 280
797 200 146
162 372 109
776 203 376
231 368 166
473 552 475
674 13 56
378 2 502
263 76 411
714 181 43
197 204 331
254 132 602
762 552 618
978 179 314
117 533 158
205 378 289
537 484 232
639 320 426
707 128 375
587 236 525
264 73 597
915 542 401
874 21 100
577 538 404
172 54 476
554 225 407
622 406 481
541 236 99
384 156 606
403 260 398
551 457 584
934 301 355
756 475 434
191 309 394
775 177 171
850 223 151
325 576 187
258 393 185
1097 304 213
506 216 481
917 276 242
807 168 192
727 493 192
440 96 199
909 356 420
493 170 61
503 475 344
536 77 52
933 272 152
859 403 530
494 370 513
405 459 177
798 338 310
838 18 148
747 463 248
633 582 590
939 369 299
92 428 112
289 161 410
210 111 586
517 573 460
430 572 14
586 205 559
171 215 299
337 445 37
756 147 190
632 410 522
645 73 203
555 174 381
16 256 291
1001 365 229
572 119 380
1012 373 505
647 87 533
645 425 560
780 18 157
493 452 563
613 15 86
957 127 267
331 200 478
906 383 370
797 422 478
258 229 439
731 199 95
645 549 421
569 501 599
439 231 110
213 542 223
762 70 6
668 352 406
1113 375 395
713 163 327
317 6 517
698 50 14
162 527 236
421 128 249
901 404 546
943 165 286
161 339 400
415 77 426
688 439 95
432 331 190
91 445 316
517 50 103
829 423 561
865 76 213
222 383 254
838 604 476
1056 157 276
254 490 22
674 609 568
679 272 490
745 395 353
231 592 144
503 147 280
889 234 219
495 582 34
588 399 527
738 600 588
256 465 237
673 203 114
408 296 167
487 183 438
690 442 460
720 150 489
782 234 317
438 442 164
555 448 243
483 197 560
1063 142 228
720 326 167
993 202 86
720 472 135
611 209 181
91 387 377
405 163 447
559 121 599
533 74 216
747 159 376
381 463 376
8 372 281
509 499 573
758 192 62
897 592 480
775 445 453
1056 465 348
231 254 458
473 618 113
777 7 68
608 166 30
162 95 388
505 397 299
211 346 242
546 367 486
966 552 430
372 475 190
414 622 87
154 285 477
541 386 525
72 374 143
129 475 290
117 89 466
467 511 373
855 43 185
537 138 392
58 189 472
419 195 493
1090 420 321
8 307 364
287 26 566
981 390 265
458 464 191
619 123 573
392 510 199
225 56 565
337 177 587
513 104 405
1037 387 247
1070 433 472
872 465 387
1014 502 371
264 549 27
582 247 365
438 139 615
204 284 345
915 80 223
978 443 310
334 204 536
736 510 425
109 293 469
533 199 564
110 522 208
791 445 587
674 489 88
839 461 410
592 77 572
870 393 439
627 436 305
337 254 249
954 357 262
489 302 426
91 235 247
303 423 174
889 388 405
661 511 251
874 601 524
733 370 150
1068 217 346
1012 249 119
957 407 299
664 172 31
631 127 11
551 538 220
551 165 40
938 293 191
1056 374 481
487 439 186
435 517 485
825 214 118
524 19 479
688 526 199
620 161 213
600 273 320
415 163 297
303 199 450
657 198 152
818 82 207
513 513 374
839 161 214
990 88 110
37 376 181
908 464 363
559 501 25
72 157 348
195 350 152
841 596 566
974 285 147
109 329 155
600 349 304
278 399 151
419 427 131
623 397 325
250 425 232
646 131 209
829 121 217
803 576 437
482 27 456
171 127 357
110 100 416
421 199 341
921 247 114
676 102 204
689 391 110
533 423 60
595 74 408
30 193 371
337 490 203
627 186 319
462 186 325
337 368 375
65 480 228
938 329 433
408 472 489
219 266 420
190 293 433
435 105 139
769 397 191
73 346 412
641 439 438
596 193 215
405 103 624
325 46 437
1092 189 200
702 488 429
432 291 434
791 254 375
501 186 305
378 620 122
755 448 189
723 163 177
727 129 432
947 411 549
594 426 281
611 49 460
798 284 314
608 456 594
38 202 321
619 499 51
1015 290 432
489 361 249
646 491 415
394 201 139
39 264 246
521 570 194
211 276 382
231 30 480
931 204 293
825 199 174
370 192 562
287 596 58
595 199 60
693 517 139
954 265 362
210 511 38
563 43 180
744 466 606
691 235 247
723 103 0
723 519 624
811 616 517
219 356 204
347 495 6
702 134 195
568 27 502
967 339 224
755 174 435
734 421 139
558 210 252
1057 135 176
916 451 579
528 273 304
966 372 515
646 595 456
556 40 560
807 454 432
438 198 548
897 368 458
125 479 87
464 172 593
683 575 437
31 304 411
594 284 359
725 362 398
534 284 265
520 166 594
530 545 23
825 408 506
150 179 310
310 82 417
707 494 249
445 575 187
1089 264 378
661 320 164
1128 311 312
939 253 325
72 248 481
147 390 359
728 594 453
215 117 376
713 459 297
999 147 290
556 503 380
582 367 138
1019 293 155
162 552 194
908 158 261
415 459 327
258 187 577
723 459 447
752 193 321
1018 522 416
897 254 166
882 384 495
688 96 425
373 564 192
622 345 147
794 204 88
467 111 251
1089 358 246
974 315 186
639 361 375
546 375 365
1062 299 177
430 50 610
619 325 389
1011 533 466
623 225 299
738 22 36
568 595 122
509 297 389
962 155 58
560 27 122
190 329 191
523 301 351
572 582 560
263 546 213
1098 429 371
679 350 134
30 429 253
508 461 213
1018 100 208
438 424 76
576 258 404
822 524 615
497 127 613
594 196 343
154 315 438
829 199 63
354 267 363
289 461 214
690 139 9
351 615 68
577 261 445
353 94 421
585 235 137
189 369 325
352 203 248
755 58 192
966 250 109
60 217 278
734 201 485
803 43 26
39 358 378
743 186 150
750 2 122
536 545 572
744 156 18
598 388 294
607 570 430
421 494 375
373 448 435
573 174 243
576 364 220
174 265 262
199 331 317
71 135 448
791 368 249
1010 203 344
546 387 179
691 387 377
534 196 281
582 255 486
509 123 51
864 73 27
395 370 474
1015 332 192
967 283 400
769 225 433
534 426 343
909 266 204
852 424 421
220 464 261
458 158 433
434 9 481
709 427 493
1098 193 253
852 198 203
299 423 63
707 199 283
31 318 213
1112 256 333
246 238 495
913 117 248
958 95 68
455 203 510
414 0 537
256 157 387
174 357 362
65 142 396
258 116 393
534 338 359
513 358 284
830 466 602
373 174 189
530 388 330
385 186 474
454 133 88
577 165 584
924 284 279
338 307 254
290 604 148
625 147 344
574 397 407
517 413 181
595 548 216
657 424 472
558 412 372
596 429 409
505 225 325
605 301 273
560 595 502
639 215 542
1091 246 181
586 417 65
791 177 37
625 475 280
515 15 538
135 202 538
193 573 100
508 161 411
639 407 82
714 622 537
452 102 420
394 421 485
929 291 317
519 290 185
38 420 303
66 299 447
974 337 477
916 171 45
791 132 203
615 513 250
632 212 102
330 284 310
239 234 405
620 461 411
634 252 513
752 324 414
321 454 192
613 607 538
225 566 59
582 375 259
273 579 185
414 441 43
598 77 23
755 564 432
693 105 485
37 246 443
850 399 473
1019 329 469
689 231 514
362 200 505
1097 318 411
1036 428 512
551 361 445
903 56 59
552 258 220
958 527 556
222 239 370
540 223 527
598 545 601
542 157 265
609 332 185
515 607 86
91 177 308
639 261 249
646 27 168
825 423 450
775 528 421
878 197 232
774 355 363
622 277 477
690 198 76
552 364 404
58 433 152
639 302 198
655 398 353
170 527 68
445 47 437
569 121 25
1120 307 260
276 198 421
330 338 314
15 375 229
460 352 218
16 366 333
325 579 26
366 552 6
385 436 150
215 505 248
661 536 619
460 270 406
696 291 190
803 46 187
185 165 338
931 418 331
1037 445 308
782 388 307
462 436 299
347 127 618
150 443 314
962 467 566
598 234 330
1036 135 127
114 120 371
528 349 320
1003 143 87
400 28 453
408 150 135
506 277 147
138 88 514
1010 419 280
1070 189 152
622 216 143
573 448 381
92 135 497
8 250 343
166 467 58
129 147 334
546 247 259
615 518 405
1112 366 291
1068 405 278
189 253 299
1055 276 412
1090 202 303
166 155 566
414 181 581
690 483 615
317 616 107
212 171 579
668 270 218
513 109 250
694 9 143
473 70 149
619 297 235
170 95 556
720 296 457
408 326 457
346 234 307
1091 376 443
611 572 103
1011 89 158
459 474 334
1036 487 497
752 298 210
615 358 340
36 433 200
449 272 134
299 121 407
194 301 269
530 331 399
690 180 164
574 225 217
383 395 271
481 87 91
551 261 179
310 540 207
533 548 408
0 311 312
957 495 357
269 219 530
523 321 273
440 183 95
947 211 75
591 138 232
878 425 392
467 86 619
872 157 237
728 28 171
331 422 146
73 276 212
611 413 443
604 603 479
199 291 307
92 194 512
768 345 198
570 412 252
459 148 290
299 199 561
207 247 510
565 43 444
489 407 542
911 50 187
517 49 164
440 526 425
501 436 319
611 50 521
586 465 265
781 495 618
400 594 171
1056 248 143
482 491 209
354 355 261
913 505 376
546 235 445
452 520 204
642 77 416
337 132 421
528 311 312
709 195 131
882 238 129
390 600 36
696 331 434
587 386 99
181 211 549
750 620 502
655 70 475
338 315 370
438 180 460
181 411 75
664 450 593
482 595 168
870 229 185
390 22 588
127 365 395
521 52 430
530 291 225
655 224 271
415 545 198
870 506 393
790 307 370
661 302 460
551 84 404
642 545 208
542 417 559
655 552 149
351 7 556
634 370 111
690 424 548
859 219 94
752 429 303
661 86 5
698 572 610
633 40 34
171 407 325
273 43 439
437 387 247
405 519 0
370 430 62
353 445 171
346 388 317
676 520 420
489 320 198
395 252 150
864 549 597
776 419 248
1120 372 343
635 452 61
113 332 432
669 474 290
937 309 230
467 302 164
258 435 47
403 362 226
303 408 118
473 4 511
185 457 286
92 487 127
154 337 147
935 573 524
524 603 145
546 255 138
937 313 394
483 73 421
542 205 65
725 260 226
496 212 522
556 582 64
207 375 114
874 490 602
666 186 299
246 384 129
707 423 341
641 183 186
577 84 220
731 423 529
113 290 192
543 235 487
473 398 271
565 579 180
586 157 359
957 215 325
227 218 546
598 331 225
530 234 294
924 338 345
714 0 87
733 252 474
917 346 382
306 524 9
454 489 536
276 424 203
688 183 529
554 397 217
197 418 293
467 536 5
36 189 424
532 429 215
669 148 334
254 21 524
1063 480 396
532 193 409
520 456 30
483 549 203
935 49 100
439 391 514
217 50 437
766 200 119
911 572 437
1055 346 212
220 158 363
171 495 267
661 111 373
278 223 473
777 615 556
966 70 194
513 264 340
830 156 22
870 187 47
489 261 375
227 404 78
467 320 460
1092 433 424
334 418 88
471 198 472
162 250 515
775 94 203
224 199 362
353 528 203
303 214 506
454 609 56
694 613 481
455 419 114
774 267 261
974 307 438
359 225 191
60 405 346
376 429 321
359 397 433
655 618 511
147 232 265
598 291 399
116 249 505
870 435 577
673 419 510
213 80 401
224 423 262
506 406 143
781 127 6
577 361 179
588 223 97
530 77 601
670 464 433
592 545 52
217 572 187
471 424 152
897 30 144
943 457 338
780 604 467
161 283 224
1120 315 364
